5 5
0.833137980973 -0.407140770435 -0.0113666402666 -0.0056181087281 -0.000596675043262
0.410070977915 0.619087759203 0.363019003969 0.0224541148543 -0.0186864330691
-0.013224441207 -0.360012882784 0.499999994799 -0.357280370038 0.0215541287359
0.00617550362928 0.0205809169122 0.35588950619 0.316277768981 0.245775900639
-0.000777619971041 0.0184607224391 0.0220975568696 -0.245987433592 0.205912671021

5 1
-0.367809574103
0.462645622749
0.327666130463
-0.0731844007294
-0.00658167842365

1 5
-0.369239864179 -0.458030820717 0.323396681102 0.0738712819032 -0.00703633606062

1 1
0.00327921630636